   Time: 0.23815 ms
   Time: 20.93783 ms
   Time: 237.8245 ms
